-6.244904594473079523e-02
6.637964108185787082e-02
-5.398299488217836450e-02
7.927786058906920175e-03
-1.742672312738301477e-01
1.877552888506159312e-01
-3.228359529968846675e-02
6.593738722465321278e-02
5.571973219531924093e-02
6.009810316516285555e-02
7.660648717292377341e-03
1.241758060759251409e-01
1.640270623384865734e-01
1.063174945199778787e-01
1.387472727415571538e-02
-1.834011903719932890e-02
1.633532118242341236e-01
6.282055612586454063e-02
1.753771569142857090e-01
1.024250101825354975e-01
1.845185788020000522e-02
1.637489736182973221e-02
8.658243372050603015e-02
9.201696088452455957e-02
2.495560290208506116e-01
2.226110583111366448e-01
2.487009253845921530e-01
8.906396516785544670e-02
2.143859732048576938e-01
2.745438685253959177e-01
