-1.062388418960126923e+00
1.090903297841208985e+00
-9.235756990639866215e-01
1.199667904587334855e-01
-2.555661794104728379e+00
3.362075488517328736e+00
-5.136394233462735492e-01
1.071325132383063261e+00
8.721296858429141707e-01
9.704068677364836581e-01
7.145595134882704036e-02
2.004087390517308886e+00
2.732024682500674206e+00
1.916689992046887614e+00
2.014143708715927517e-01
-2.208324732972271054e-01
1.371969679820840726e+00
1.052841681099720539e+00
1.896941641668308254e+00
1.881430003282920094e+00
3.039911588189603275e-01
1.255071798420498430e-01
1.467987096482352705e+00
1.440175929668105592e+00
4.112370615406057972e+00
3.546597996975781264e+00
1.842669659370780755e+00
1.301572291069331921e+00
2.162983260704414157e+00
4.509719628953745563e+00
