2.081422557146013830e+01
1.194899785828092220e+01
1.765335980976595565e+01
1.200803419342389056e+01
1.017506630258377243e+01
7.903719723555902910e+00
8.650994976923213287e+00
9.234407792010999927e+00
6.070569661322111621e+00
5.835607255066239674e+00
6.255240756466824870e+00
4.200364175116278354e+00
3.597700721756164732e+00
5.135063795617051063e+00
4.583796165434798731e+00
4.114821608430611732e+00
3.414883518461042211e+00
3.856863606655058785e+00
4.820592336596792649e+00
5.315155976771118951e+00
4.865686340257504128e+00
4.720784563914924625e+00
4.581467267439613522e+00
3.886921344600320793e+00
4.522020676579962206e+00
4.179001688238733969e+00
4.045329067117548583e+00
5.378355283388687624e+00
5.119552206855044751e+00
5.495259687564660211e+00
5.142075796953429645e+00
6.030590459021485827e+00
6.357928124558916316e+00
5.867124175334899050e+00
6.084423150295578786e+00
6.470287061544508944e+00
6.666941682633288124e+00
6.501027995209799570e+00
7.002188987757538285e+00
7.213460179780111226e+00
8.212095592851461845e+00
8.341427242891549909e+00
8.748106693857097937e+00
8.710686356639394390e+00
8.569463460510638342e+00
8.645679486068399200e+00
8.444330214542784319e+00
8.267254358462745145e+00
8.812401400183995648e+00
8.750312401251949979e+00
8.702914647823140726e+00
8.566330989196805135e+00
8.682929983896700676e+00
9.307117571478904949e+00
8.955678844865330390e+00
9.592340560938728444e+00
9.403986857555812762e+00
9.877867868675862084e+00
9.931534138208926166e+00
9.603873831564012420e+00
9.704862689592488323e+00
9.974111612479285682e+00
9.562469993302423532e+00
9.780617609921534950e+00
9.487687792747648174e+00
9.436609791316005413e+00
9.295140145066730142e+00
9.337368617290961126e+00
9.349519129189912903e+00
9.238492539770247092e+00
9.315106194062332534e+00
9.389615327838290781e+00
9.229294152170888665e+00
9.084088468477418132e+00
9.214059857308717127e+00
9.336414683390806601e+00
9.022160182325484001e+00
9.103423864081092276e+00
9.317017280068792928e+00
9.073126947599979175e+00
9.430623717080869994e+00
9.650382176571147497e+00
9.400732879637013539e+00
9.679990135524482397e+00
9.645694903165075829e+00
9.531303124570820628e+00
9.605128465887508682e+00
9.435220429171572221e+00
9.775925596107672533e+00
9.877065925582554584e+00
9.858649749125380168e+00
1.007519742118735451e+01
1.006772908187217830e+01
1.011518194028781181e+01
9.965862515320743853e+00
1.001421654451348076e+01
9.997284591143268173e+00
9.850235366950180094e+00
9.908925658515792989e+00
9.907741588945174982e+00
