4.274114382332883100e-03
1.054329104096314584e-01
9.122010831009348675e-02
-7.942423090499048377e-02
-1.308275363868659502e-01
2.986864426043029930e-01
9.233443797256178642e-02
-3.098047982777626941e-02
1.754442613297880760e-01
9.251976759500020464e-02
-5.951046438011608347e-02
1.804381299950541806e-01
-1.573601922500955652e-01
1.287190767750352738e-01
-4.021393777445843309e-02
-5.758264561914121227e-02
-6.012780128305651728e-02
2.082797363459372164e-01
3.025421060993739308e-01
1.087626822971515805e-02
1.137851722938352655e-01
-2.603127193575968668e-02
2.775621844153360329e-01
-1.503462131639319438e-02
-1.325303412314687568e-01
1.612377329601202836e-01
8.304140693523008598e-02
-8.203455559010996989e-02
1.964102474286872624e-01
-3.793562081534559288e-02
2.942127368365337475e-03
2.874393853370686702e-02
-1.446042239840249766e-01
-2.121161896356615617e-01
-3.624486968834415151e-02
2.842774154750997151e-01
6.907692885922668558e-03
1.814808560464580001e-02
3.593045844534983185e-02
-2.090958281439214417e-01
-4.802648338944473516e-02
3.162877448033418748e-02
-2.547279244297983580e-01
6.129307963091785300e-02
6.673714310677172912e-02
-7.124503150765043591e-02
1.235817738916481778e-01
8.662148218049547932e-02
-5.837809810050061110e-03
-1.860694347338704147e-01
