5.242856161375697432e-02
9.791388117072840069e-01
1.318851028411253790e+00
-1.305318861305735378e+00
-1.871191842657964344e+00
4.578868609321393279e+00
1.498654864379261653e+00
-5.301210345999378681e-01
1.710705435670232921e+00
1.180326147173210494e+00
-8.897445346481493988e-01
1.720411300520065856e+00
-2.564354861518729933e+00
2.236011271361006081e+00
-5.913037775475420421e-01
-7.815678591675750964e-01
-1.148688880583557781e+00
2.887148748147142285e+00
4.786281548705671796e+00
1.566032334681909388e-01
1.237247408983218833e+00
-3.781200346684207014e-01
2.845551463133300985e+00
-2.746187617066947473e-01
-2.320002513384172182e+00
1.396829593763890820e+00
1.464273542146921070e+00
-1.167369212556744307e+00
2.941500437131224999e+00
-6.018977427901359700e-01
5.199653593899028481e-02
3.993107015136482252e-01
-2.161335846187784071e+00
-2.803243706576325600e+00
-6.358124633459119046e-01
2.776394967510314782e+00
1.016004220037549644e-01
2.710799959210781207e-01
5.444704596885014958e-01
-2.609853751224413543e+00
-8.021912565565402220e-01
2.692655682711890819e-01
-3.653953388388512913e+00
1.070036801541164539e+00
1.234479254411093851e+00
-6.591533640918149084e-01
1.902349090158381273e+00
1.291329212867444509e+00
-9.065774405051396645e-02
-2.951096589856487817e+00
