-6.392863457052909426e-02
6.889344537520612766e-02
-1.488789471607998849e-01
1.439956231930372699e-02
7.349032077560002651e-02
6.749177388569495284e-02
6.358030310703613464e-02
1.041176752708789371e-01
-1.017931007239812474e-01
2.361398372414569291e-02
2.860698508889013975e-02
-1.240562691500578657e-01
8.271132794003902000e-02
-1.093158729876095303e-01
6.570376563839491757e-03
4.884437867458534255e-01
-1.460116230015226224e-01
1.341723954804903765e-02
-5.619709621180295211e-03
-7.455403736378264645e-02
-8.165445908120862184e-02
-1.128758200176449566e-02
1.026377066432765106e-01
1.397811949090231876e-01
2.430119200735086221e-02
-1.991137107032990572e-04
-7.937379719007957302e-02
-1.213068840461250936e-01
3.704364098017336182e-02
-3.584981434479558859e-02
-1.101270608087096120e-01
1.212633583672036303e-01
-4.016735698221467477e-01
8.219862424426936653e-02
-6.947190072529205174e-02
-2.074461606885962262e-01
7.020065704373501525e-02
-2.373963803183744975e-02
-3.625475716056985459e-02
-1.008714378716319138e-01
1.391623305354479090e-01
-3.790981298796415599e-02
1.461459317507089462e-01
-4.204978302015317804e-02
-2.014987891660632857e-02
-6.307252265159289661e-02
-1.526448241388220495e-01
-2.633278609524899450e-01
7.090721527435339677e-02
-8.584115345619577897e-02
