-1.006737568879324307e+00
9.724259132297934372e-01
-2.477583370649813599e+00
1.432062824014737057e-01
1.359335355719858640e+00
1.005234840348961933e+00
8.561655375866935591e-01
1.659280747313409243e+00
-1.651078707768272702e+00
3.914135877066426961e-01
3.433053253849238651e-01
-1.773792894697510780e+00
1.410791259377040863e+00
-1.739459612932456656e+00
8.983234697249664613e-02
4.355714141857922606e+00
-1.995900587321479680e+00
2.358607404686546283e-01
-9.173324656446890657e-02
-1.176430591729495934e+00
-1.429955132860723843e+00
-9.420932299565287771e-02
1.325909233395407671e+00
1.890865497984642429e+00
3.589670907631086205e-01
-2.805788798767749892e-03
-1.222653860820572369e+00
-2.009112871149090651e+00
5.313191597607547223e-01
-4.996473986479565421e-01
-1.147572489161821085e+00
1.951144107579250608e+00
-3.318147479380365361e+00
1.332939923199138788e+00
-1.063104378463883393e+00
-1.947705072861262154e+00
1.007807998496000668e+00
-3.495106469402903260e-01
-6.009886737703870052e-01
-8.666385796202455971e-01
2.132455464384780175e+00
-5.281074820883495669e-01
2.102310516948883823e+00
-5.748446522244029522e-01
-3.156464904504550084e-01
-8.786806565040813366e-01
-2.015444929068207269e+00
-2.536190564366311406e+00
1.105529197940005925e+00
-1.208801923367217590e+00
