-3.986825593161135578e-02
-4.176654739340379674e-02
-9.887740110184593811e-02
7.079131990060452684e-03
6.980245199648646426e-02
3.078612990955337247e-01
-3.259570715628808818e-02
1.738296780089505500e-01
-9.028435749101570984e-02
1.065882796651353992e-01
7.361634839114480910e-02
1.456308609617667504e-01
1.344495745459193814e-01
8.458282577703105098e-02
8.553592239687034249e-02
-5.540795504879713479e-02
-1.637768117509152965e-02
2.939814344195788576e-01
-2.969448251546792372e-01
-1.621231373126696129e-01
1.828908297192176069e-01
5.137980456612278868e-02
3.868040804177799025e-02
9.451937430634374526e-02
-1.773100697947602444e-01
-2.289316388825078097e-01
-1.920370203431652767e-01
3.491016834306049504e-02
-2.600352711925578153e-01
-3.471810402914456833e-02
