-6.866828371360956806e-01
-6.350841773750589558e-01
-1.484052362442804363e+00
7.008932997813244192e-02
1.058879136622859374e+00
5.329386385546532878e+00
-4.753091387208472351e-01
3.165349458329397514e+00
-1.202017766079825023e+00
1.739928726778090073e+00
1.195871903582379714e+00
2.719607493694252476e+00
2.500904753481054676e+00
1.548671716602826764e+00
1.154763473551272845e+00
-8.091472980555436401e-01
-2.822666010982135543e-01
4.837412321644871227e+00
-2.878251122958466190e+00
-2.426359454461043175e+00
2.842300160501091799e+00
6.762439806633702144e-01
6.645510648588833780e-01
1.047541167554574937e+00
-2.654051776923854522e+00
-3.276916962563781066e+00
-1.433252319924140927e+00
6.472603780790109340e-01
-1.955270867098308329e+00
-5.627305203503858433e-01
